3439,1,456.1,251.98,15.159999999999968,41.04999999999998,1,1,1.0
3440,1,456.19,252.0,15.160000000000025,41.05000000000001,1,1,1.0
3441,1,456.27,252.01,15.160000000000025,41.05000000000001,1,1,1.0
3442,1,456.36,252.03,15.159999999999968,41.04999999999998,1,1,1.0
3443,1,456.45,252.05,15.150000000000034,41.05000000000001,1,1,1.0
3444,1,456.53,252.06,15.160000000000025,41.06,1,1,1.0
3445,1,456.62,252.08,15.149999999999977,41.04999999999998,1,1,1.0
3446,1,456.7,252.1,15.160000000000025,41.04999999999998,1,1,1.0
3447,1,456.79,252.11,15.149999999999977,41.06,1,1,1.0
3448,1,456.87,252.13,15.159999999999968,41.05000000000001,1,1,1.0
3449,1,456.96,252.15,15.160000000000025,41.04999999999998,1,1,1.0
3450,1,457.04,252.17,15.159999999999968,41.05000000000004,1,1,1.0
3451,1,457.13,252.18,15.160000000000025,41.06,1,1,1.0
3452,1,457.21,252.2,15.160000000000025,41.05000000000001,1,1,1.0
3453,1,457.3,252.22,15.159999999999968,41.04999999999998,1,1,1.0
3454,1,457.38,252.23,15.160000000000025,41.06000000000003,1,1,1.0
3455,1,457.47,252.25,15.159999999999968,41.05000000000001,1,1,1.0
3456,1,457.55,252.27,15.159999999999968,41.04999999999998,1,1,1.0
3457,1,457.64,252.29,15.160000000000025,41.04999999999998,1,1,1.0
3458,1,457.73,252.3,15.149999999999977,41.06,1,1,1.0
3459,1,457.81,252.32,15.160000000000025,41.05000000000001,1,1,1.0
3460,1,457.9,252.34,15.150000000000034,41.04999999999998,1,1,1.0
3461,1,457.98,252.35,15.159999999999968,41.06000000000003,1,1,1.0
3462,1,458.07,252.37,15.150000000000034,41.05000000000001,1,1,1.0
3463,1,458.15,252.39,15.160000000000025,41.05000000000001,1,1,1.0
3464,1,458.24,252.41,15.149999999999977,41.04999999999998,1,1,1.0
3465,1,458.32,252.42,15.160000000000025,41.05000000000004,1,1,1.0
3466,1,458.41,252.44,15.159999999999968,41.05000000000001,1,1,1.0
3467,1,458.49,252.46,15.159999999999968,41.04999999999998,1,1,1.0
3468,1,458.58,252.47,15.160000000000025,41.059999999999974,1,1,1.0
3469,1,458.66,252.49,15.159999999999968,41.05000000000001,1,1,1.0
3470,1,458.75,252.51,15.160000000000025,41.05000000000001,1,1,1.0
3471,1,458.83,252.52,15.160000000000025,41.059999999999974,1,1,1.0
3472,1,458.92,252.54,15.159999999999968,41.04999999999998,1,1,1.0
3473,1,459.0,252.56,15.160000000000025,41.05000000000001,1,1,1.0
3474,1,459.09,252.58,15.160000000000025,41.04999999999998,1,1,1.0
3475,1,459.18,252.59,15.149999999999977,41.059999999999974,1,1,1.0
3476,1,459.26,252.61,15.160000000000025,41.05000000000001,1,1,1.0
3477,1,459.06,252.7,15.360000000000014,40.960000000000036,1,1,1.0
3478,1,458.86,252.78,15.560000000000002,40.890000000000015,1,1,1.0
3479,1,458.65,252.87,15.770000000000039,40.80000000000001,1,1,1.0
3480,1,458.45,252.95,15.970000000000027,40.72000000000003,1,1,1.0
3481,1,458.25,253.04,16.170000000000016,40.630000000000024,1,1,1.0
3482,1,458.04,253.13,16.379999999999995,40.54000000000002,1,1,1.0
3483,1,457.84,253.21,16.58000000000004,40.46000000000001,1,1,1.0
3484,1,457.64,253.3,16.78000000000003,40.379999999999995,1,1,1.0
3485,1,457.44,253.38,16.980000000000018,40.30000000000001,1,1,1.0
3486,1,457.23,253.47,17.189999999999998,40.21000000000001,1,1,1.0
3487,1,457.03,253.56,17.390000000000043,40.120000000000005,1,1,1.0
3488,1,456.83,253.64,17.590000000000032,40.04000000000002,1,1,1.0
3489,1,456.62,253.73,17.80000000000001,39.95000000000002,1,1,1.0
3490,1,456.42,253.81,18.0,39.879999999999995,1,1,1.0
3491,1,456.22,253.9,18.19999999999999,39.78999999999999,1,1,1.0
3492,1,456.02,253.98,18.400000000000034,39.71000000000001,1,1,1.0
3493,1,455.81,254.07,18.610000000000014,39.620000000000005,1,1,1.0
3494,1,455.61,254.16,18.810000000000002,39.53,1,1,1.0
3495,1,455.41,254.24,19.00999999999999,39.44999999999999,1,1,1.0
3496,1,455.21,254.33,19.210000000000036,39.369999999999976,1,1,1.0
3497,1,455.0,254.41,19.420000000000016,39.28999999999999,1,1,1.0
3498,1,454.8,254.5,19.620000000000005,39.19999999999999,1,1,1.0
3499,1,454.8,254.5,19.620000000000005,39.19999999999999,1,1,1.0
3500,1,454.8,254.5,19.620000000000005,39.19999999999999,1,1,1.0
3501,1,454.8,254.5,19.620000000000005,39.19999999999999,1,1,1.0
3502,1,454.8,254.5,19.620000000000005,39.19999999999999,1,1,1.0
3503,1,454.8,254.5,19.620000000000005,39.19999999999999,1,1,1.0
3504,1,454.8,254.5,19.620000000000005,39.19999999999999,1,1,1.0
3505,1,454.8,254.5,19.620000000000005,39.19999999999999,1,1,1.0
3506,1,454.8,254.5,19.620000000000005,39.19999999999999,1,1,1.0
3507,1,454.8,254.5,19.620000000000005,39.19999999999999,1,1,1.0
3508,1,454.8,254.5,19.620000000000005,39.19999999999999,1,1,1.0
3509,1,454.8,254.5,19.620000000000005,39.19999999999999,1,1,1.0
3510,1,454.8,254.5,19.620000000000005,39.19999999999999,1,1,1.0
3511,1,454.8,254.5,19.620000000000005,39.19999999999999,1,1,1.0
3512,1,454.8,254.5,19.620000000000005,39.19999999999999,1,1,1.0
3513,1,454.8,254.5,19.620000000000005,39.19999999999999,1,1,1.0
3514,1,454.8,254.5,19.620000000000005,39.19999999999999,1,1,1.0
3515,1,454.8,254.5,19.620000000000005,39.19999999999999,1,1,1.0
3516,1,454.8,254.5,19.620000000000005,39.19999999999999,1,1,1.0
3517,1,454.8,254.5,19.620000000000005,39.19999999999999,1,1,1.0
3518,1,454.8,254.5,19.620000000000005,39.19999999999999,1,1,1.0
3519,1,454.8,254.5,19.620000000000005,39.19999999999999,1,1,1.0
3520,1,454.8,254.5,19.620000000000005,39.19999999999999,1,1,1.0
3521,1,454.8,254.5,19.620000000000005,39.19999999999999,1,1,1.0
3522,1,454.8,254.5,19.620000000000005,39.19999999999999,1,1,1.0
3523,1,454.8,254.5,19.620000000000005,39.19999999999999,1,1,1.0
3524,1,454.8,254.5,19.620000000000005,39.19999999999999,1,1,1.0
3525,1,454.8,254.5,19.620000000000005,39.19999999999999,1,1,1.0
3526,1,454.8,254.5,19.620000000000005,39.19999999999999,1,1,1.0
3527,1,454.8,254.5,19.620000000000005,39.19999999999999,1,1,1.0
3528,1,454.8,254.5,19.620000000000005,39.19999999999999,1,1,1.0
3529,1,454.8,254.5,19.620000000000005,39.19999999999999,1,1,1.0
3530,1,454.8,254.5,19.620000000000005,39.19999999999999,1,1,1.0
3531,1,454.8,254.5,19.620000000000005,39.19999999999999,1,1,1.0
3532,1,454.8,254.5,19.620000000000005,39.19999999999999,1,1,1.0
3533,1,454.8,254.5,19.620000000000005,39.19999999999999,1,1,1.0
3534,1,454.8,254.5,19.620000000000005,39.19999999999999,1,1,1.0
3535,1,454.8,254.5,19.620000000000005,39.19999999999999,1,1,1.0
3536,1,454.8,254.5,19.620000000000005,39.19999999999999,1,1,1.0
3537,1,454.8,254.5,19.620000000000005,39.19999999999999,1,1,1.0
3538,1,454.8,254.5,19.620000000000005,39.19999999999999,1,1,1.0
3539,1,454.8,254.5,19.620000000000005,39.19999999999999,1,1,1.0
3540,1,454.8,254.5,19.620000000000005,39.19999999999999,1,1,1.0
3541,1,454.8,254.5,19.620000000000005,39.19999999999999,1,1,1.0
3542,1,454.8,254.5,19.620000000000005,39.19999999999999,1,1,1.0
3543,1,454.8,254.5,19.620000000000005,39.19999999999999,1,1,1.0
3544,1,454.8,254.5,19.620000000000005,39.19999999999999,1,1,1.0
3545,1,454.8,254.5,19.620000000000005,39.19999999999999,1,1,1.0
3546,1,454.8,254.5,19.620000000000005,39.19999999999999,1,1,1.0
3547,1,454.8,254.5,19.620000000000005,39.19999999999999,1,1,1.0
3548,1,454.8,254.5,19.620000000000005,39.19999999999999,1,1,1.0
3549,1,454.8,254.5,19.620000000000005,39.19999999999999,1,1,1.0
3550,1,454.8,254.5,19.620000000000005,39.19999999999999,1,1,1.0
3551,1,454.8,254.5,19.620000000000005,39.19999999999999,1,1,1.0
3552,1,454.8,254.5,19.620000000000005,39.19999999999999,1,1,1.0
3553,1,454.8,254.5,19.620000000000005,39.19999999999999,1,1,1.0
3554,1,454.8,254.5,19.620000000000005,39.19999999999999,1,1,1.0
3555,1,454.8,254.5,19.620000000000005,39.19999999999999,1,1,1.0
3556,1,454.8,254.5,19.620000000000005,39.19999999999999,1,1,1.0
3557,1,454.8,254.5,19.620000000000005,39.19999999999999,1,1,1.0
3558,1,454.8,254.5,19.620000000000005,39.19999999999999,1,1,1.0
3559,1,454.8,254.5,19.620000000000005,39.19999999999999,1,1,1.0
3560,1,454.8,254.5,19.620000000000005,39.19999999999999,1,1,1.0
3561,1,454.8,254.5,19.620000000000005,39.19999999999999,1,1,1.0
3562,1,454.8,254.5,19.620000000000005,39.19999999999999,1,1,1.0
3563,1,454.8,254.5,19.620000000000005,39.19999999999999,1,1,1.0
3564,1,454.8,254.5,19.620000000000005,39.19999999999999,1,1,1.0
3565,1,454.8,254.5,19.620000000000005,39.19999999999999,1,1,1.0
3566,1,454.8,254.5,19.620000000000005,39.19999999999999,1,1,1.0
3567,1,454.8,254.5,19.620000000000005,39.19999999999999,1,1,1.0
3568,1,454.8,254.5,19.620000000000005,39.19999999999999,1,1,1.0
3569,1,454.8,254.5,19.620000000000005,39.19999999999999,1,1,1.0
3570,1,454.8,254.5,19.620000000000005,39.19999999999999,1,1,1.0
3571,1,454.8,254.5,19.620000000000005,39.19999999999999,1,1,1.0
3572,1,454.8,254.5,19.620000000000005,39.19999999999999,1,1,1.0
3573,1,454.8,254.5,19.620000000000005,39.19999999999999,1,1,1.0
3574,1,454.8,254.5,19.620000000000005,39.19999999999999,1,1,1.0
3575,1,454.8,254.5,19.620000000000005,39.19999999999999,1,1,1.0
3576,1,454.8,254.5,19.620000000000005,39.19999999999999,1,1,1.0
3577,1,454.8,254.5,19.620000000000005,39.19999999999999,1,1,1.0
3578,1,454.8,254.5,19.620000000000005,39.19999999999999,1,1,1.0
3579,1,454.8,254.5,19.620000000000005,39.19999999999999,1,1,1.0
3580,1,454.8,254.5,19.620000000000005,39.19999999999999,1,1,1.0
3581,1,454.8,254.5,19.620000000000005,39.19999999999999,1,1,1.0
3582,1,454.8,254.5,19.620000000000005,39.19999999999999,1,1,1.0
3583,1,454.8,254.5,19.620000000000005,39.19999999999999,1,1,1.0
3584,1,454.8,254.5,19.620000000000005,39.19999999999999,1,1,1.0
3585,1,454.8,254.5,19.620000000000005,39.19999999999999,1,1,1.0
3586,1,454.8,254.5,19.620000000000005,39.19999999999999,1,1,1.0
3587,1,454.8,254.5,19.620000000000005,39.19999999999999,1,1,1.0
3588,1,454.8,254.5,19.620000000000005,39.19999999999999,1,1,1.0
3589,1,454.8,254.5,19.620000000000005,39.19999999999999,1,1,1.0
3590,1,454.8,254.5,19.620000000000005,39.19999999999999,1,1,1.0
3591,1,454.8,254.5,19.620000000000005,39.19999999999999,1,1,1.0
3592,1,454.8,254.5,19.620000000000005,39.19999999999999,1,1,1.0
3593,1,454.8,254.5,19.620000000000005,39.19999999999999,1,1,1.0
3594,1,454.8,254.5,19.620000000000005,39.19999999999999,1,1,1.0
3595,1,454.8,254.5,19.620000000000005,39.19999999999999,1,1,1.0
3596,1,454.8,254.5,19.620000000000005,39.19999999999999,1,1,1.0
3597,1,454.8,254.5,19.620000000000005,39.19999999999999,1,1,1.0
3598,1,454.8,254.5,19.620000000000005,39.19999999999999,1,1,1.0
3599,1,454.8,254.5,19.620000000000005,39.19999999999999,1,1,1.0
3600,1,454.8,254.5,19.620000000000005,39.19999999999999,1,1,1.0
3601,1,454.8,254.5,19.620000000000005,39.19999999999999,1,1,1.0
3602,1,454.8,254.5,19.620000000000005,39.19999999999999,1,1,1.0
3603,1,454.8,254.5,19.620000000000005,39.19999999999999,1,1,1.0
3604,1,454.8,254.5,19.620000000000005,39.19999999999999,1,1,1.0
3605,1,454.8,254.5,19.620000000000005,39.19999999999999,1,1,1.0
3606,1,454.8,254.5,19.620000000000005,39.19999999999999,1,1,1.0
3607,1,454.8,254.5,19.620000000000005,39.19999999999999,1,1,1.0
3608,1,454.8,254.5,19.620000000000005,39.19999999999999,1,1,1.0
3609,1,454.8,254.5,19.620000000000005,39.19999999999999,1,1,1.0
3610,1,454.8,254.5,19.620000000000005,39.19999999999999,1,1,1.0
3611,1,454.8,254.5,19.620000000000005,39.19999999999999,1,1,1.0
3612,1,454.8,254.5,19.620000000000005,39.19999999999999,1,1,1.0
3613,1,454.8,254.5,19.620000000000005,39.19999999999999,1,1,1.0
3614,1,454.8,254.5,19.620000000000005,39.19999999999999,1,1,1.0
3615,1,454.8,254.5,19.620000000000005,39.19999999999999,1,1,1.0
3616,1,454.8,254.5,19.620000000000005,39.19999999999999,1,1,1.0
3617,1,454.8,254.5,19.620000000000005,39.19999999999999,1,1,1.0
3618,1,454.8,254.5,19.620000000000005,39.19999999999999,1,1,1.0
3619,1,454.8,254.5,19.620000000000005,39.19999999999999,1,1,1.0
3620,1,454.8,254.5,19.620000000000005,39.19999999999999,1,1,1.0
3621,1,454.8,254.5,19.620000000000005,39.19999999999999,1,1,1.0
3622,1,454.8,254.5,19.620000000000005,39.19999999999999,1,1,1.0
3623,1,454.8,254.5,19.620000000000005,39.19999999999999,1,1,1.0
3624,1,454.8,254.5,19.620000000000005,39.19999999999999,1,1,1.0
3625,1,454.8,254.5,19.620000000000005,39.19999999999999,1,1,1.0
3626,1,454.8,254.5,19.620000000000005,39.19999999999999,1,1,1.0
3627,1,454.8,254.5,19.620000000000005,39.19999999999999,1,1,1.0
3628,1,454.8,254.5,19.620000000000005,39.19999999999999,1,1,1.0
3629,1,454.8,254.5,19.620000000000005,39.19999999999999,1,1,1.0
3630,1,454.8,254.5,19.620000000000005,39.19999999999999,1,1,1.0
3631,1,454.8,254.5,19.620000000000005,39.19999999999999,1,1,1.0
3632,1,454.8,254.5,19.620000000000005,39.19999999999999,1,1,1.0
3633,1,454.8,254.5,19.620000000000005,39.19999999999999,1,1,1.0
3634,1,454.8,254.5,19.620000000000005,39.19999999999999,1,1,1.0
3635,1,454.8,254.5,19.620000000000005,39.19999999999999,1,1,1.0
3636,1,454.8,254.5,19.620000000000005,39.19999999999999,1,1,1.0
3637,1,454.8,254.5,19.620000000000005,39.19999999999999,1,1,1.0
3638,1,454.8,254.5,19.620000000000005,39.19999999999999,1,1,1.0
3639,1,454.8,254.5,19.620000000000005,39.19999999999999,1,1,1.0
3640,1,454.8,254.5,19.620000000000005,39.19999999999999,1,1,1.0
3641,1,454.8,254.5,19.620000000000005,39.19999999999999,1,1,1.0
3642,1,454.8,254.5,19.620000000000005,39.19999999999999,1,1,1.0
3643,1,454.8,254.5,19.620000000000005,39.19999999999999,1,1,1.0
3644,1,454.8,254.5,19.620000000000005,39.19999999999999,1,1,1.0
3645,1,454.8,254.5,19.620000000000005,39.19999999999999,1,1,1.0
3646,1,454.8,254.5,19.620000000000005,39.19999999999999,1,1,1.0
3647,1,454.8,254.5,19.620000000000005,39.19999999999999,1,1,1.0
3648,1,454.8,254.5,19.620000000000005,39.19999999999999,1,1,1.0
3649,1,454.8,254.5,19.620000000000005,39.19999999999999,1,1,1.0
3650,1,454.8,254.5,19.620000000000005,39.19999999999999,1,1,1.0
3651,1,454.8,254.5,19.620000000000005,39.19999999999999,1,1,1.0
3652,1,454.8,254.5,19.620000000000005,39.19999999999999,1,1,1.0
3653,1,454.8,254.5,19.620000000000005,39.19999999999999,1,1,1.0
3654,1,454.8,254.5,19.620000000000005,39.19999999999999,1,1,1.0
3655,1,454.8,254.5,19.620000000000005,39.19999999999999,1,1,1.0
3656,1,454.8,254.5,19.620000000000005,39.19999999999999,1,1,1.0
3657,1,454.8,254.5,19.620000000000005,39.19999999999999,1,1,1.0
3658,1,454.8,254.5,19.620000000000005,39.19999999999999,1,1,1.0
3659,1,454.8,254.5,19.620000000000005,39.19999999999999,1,1,1.0
3660,1,454.8,254.5,19.620000000000005,39.19999999999999,1,1,1.0
3661,1,454.8,254.5,19.620000000000005,39.19999999999999,1,1,1.0
3662,1,454.8,254.5,19.620000000000005,39.19999999999999,1,1,1.0
3663,1,454.8,254.5,19.620000000000005,39.19999999999999,1,1,1.0
3664,1,454.8,254.5,19.620000000000005,39.19999999999999,1,1,1.0
3665,1,454.8,254.5,19.620000000000005,39.19999999999999,1,1,1.0
3666,1,454.8,254.5,19.620000000000005,39.19999999999999,1,1,1.0
3667,1,454.8,254.5,19.620000000000005,39.19999999999999,1,1,1.0
3668,1,454.8,254.5,19.620000000000005,39.19999999999999,1,1,1.0
3669,1,454.8,254.5,19.620000000000005,39.19999999999999,1,1,1.0
3670,1,454.8,254.5,19.620000000000005,39.19999999999999,1,1,1.0
3671,1,454.8,254.5,19.620000000000005,39.19999999999999,1,1,1.0
3672,1,454.8,254.5,19.620000000000005,39.19999999999999,1,1,1.0
3673,1,454.8,254.5,19.620000000000005,39.19999999999999,1,1,1.0
3674,1,454.8,254.5,19.620000000000005,39.19999999999999,1,1,1.0
3675,1,454.8,254.5,19.620000000000005,39.19999999999999,1,1,1.0
3676,1,454.8,254.5,19.620000000000005,39.19999999999999,1,1,1.0
3677,1,454.8,254.5,19.620000000000005,39.19999999999999,1,1,1.0
3678,1,454.8,254.5,19.620000000000005,39.19999999999999,1,1,1.0
3679,1,454.8,254.5,19.620000000000005,39.19999999999999,1,1,1.0
3680,1,454.8,254.5,19.620000000000005,39.19999999999999,1,1,1.0
3681,1,454.8,254.5,19.620000000000005,39.19999999999999,1,1,1.0
3682,1,454.8,254.5,19.620000000000005,39.19999999999999,1,1,1.0
3683,1,454.8,254.5,19.620000000000005,39.19999999999999,1,1,1.0
3684,1,454.8,254.5,19.620000000000005,39.19999999999999,1,1,1.0
3685,1,454.8,254.5,19.620000000000005,39.19999999999999,1,1,1.0
3686,1,454.8,254.5,19.620000000000005,39.19999999999999,1,1,1.0
3687,1,454.8,254.5,19.620000000000005,39.19999999999999,1,1,1.0
3688,1,454.8,254.5,19.620000000000005,39.19999999999999,1,1,1.0
3689,1,454.8,254.5,19.620000000000005,39.19999999999999,1,1,1.0
3690,1,454.8,254.5,19.620000000000005,39.19999999999999,1,1,1.0
3691,1,454.8,254.5,19.620000000000005,39.19999999999999,1,1,1.0
3692,1,454.8,254.5,19.620000000000005,39.19999999999999,1,1,1.0
3693,1,454.8,254.5,19.620000000000005,39.19999999999999,1,1,1.0
3694,1,454.8,254.5,19.620000000000005,39.19999999999999,1,1,1.0
3695,1,454.8,254.5,19.620000000000005,39.19999999999999,1,1,1.0
3696,1,454.8,254.5,19.620000000000005,39.19999999999999,1,1,1.0
3697,1,454.8,254.5,19.620000000000005,39.19999999999999,1,1,1.0
3698,1,454.8,254.5,19.620000000000005,39.19999999999999,1,1,1.0
3699,1,454.8,254.5,19.620000000000005,39.19999999999999,1,1,1.0
3700,1,454.8,254.5,19.620000000000005,39.19999999999999,1,1,1.0
3701,1,454.8,254.5,19.620000000000005,39.19999999999999,1,1,1.0
3702,1,454.8,254.5,19.620000000000005,39.19999999999999,1,1,1.0
3703,1,454.8,254.5,19.620000000000005,39.19999999999999,1,1,1.0
3704,1,454.8,254.5,19.620000000000005,39.19999999999999,1,1,1.0
3705,1,454.8,254.5,19.620000000000005,39.19999999999999,1,1,1.0
3706,1,454.8,254.5,19.620000000000005,39.19999999999999,1,1,1.0
3707,1,454.8,254.5,19.620000000000005,39.19999999999999,1,1,1.0
3708,1,454.8,254.5,19.620000000000005,39.19999999999999,1,1,1.0
3709,1,454.8,254.5,19.620000000000005,39.19999999999999,1,1,1.0
3710,1,454.8,254.5,19.620000000000005,39.19999999999999,1,1,1.0
3711,1,454.8,254.5,19.620000000000005,39.19999999999999,1,1,1.0
3712,1,454.8,254.5,19.620000000000005,39.19999999999999,1,1,1.0
3713,1,454.8,254.5,19.620000000000005,39.19999999999999,1,1,1.0
3714,1,454.8,254.5,19.620000000000005,39.19999999999999,1,1,1.0
3715,1,454.8,254.5,19.620000000000005,39.19999999999999,1,1,1.0
3716,1,454.8,254.5,19.620000000000005,39.19999999999999,1,1,1.0
3717,1,454.8,254.5,19.620000000000005,39.19999999999999,1,1,1.0
3718,1,454.8,254.5,19.620000000000005,39.19999999999999,1,1,1.0
3719,1,454.8,254.5,19.620000000000005,39.19999999999999,1,1,1.0
3720,1,454.8,254.5,19.620000000000005,39.19999999999999,1,1,1.0
3721,1,454.8,254.5,19.620000000000005,39.19999999999999,1,1,1.0
3722,1,454.8,254.5,19.620000000000005,39.19999999999999,1,1,1.0
3723,1,454.8,254.5,19.620000000000005,39.19999999999999,1,1,1.0
3724,1,454.8,254.5,19.620000000000005,39.19999999999999,1,1,1.0
3725,1,454.8,254.5,19.620000000000005,39.19999999999999,1,1,1.0
3726,1,454.8,254.5,19.620000000000005,39.19999999999999,1,1,1.0
3727,1,454.8,254.5,19.620000000000005,39.19999999999999,1,1,1.0
3728,1,454.8,254.5,19.620000000000005,39.19999999999999,1,1,1.0
3729,1,454.8,254.5,19.620000000000005,39.19999999999999,1,1,1.0
3730,1,454.8,254.5,19.620000000000005,39.19999999999999,1,1,1.0
3731,1,454.8,254.5,19.620000000000005,39.19999999999999,1,1,1.0
3732,1,454.8,254.5,19.620000000000005,39.19999999999999,1,1,1.0
3733,1,454.8,254.5,19.620000000000005,39.19999999999999,1,1,1.0
3734,1,454.8,254.5,19.620000000000005,39.19999999999999,1,1,1.0
3735,1,454.8,254.5,19.620000000000005,39.19999999999999,1,1,1.0
3736,1,454.8,254.5,19.620000000000005,39.19999999999999,1,1,1.0
3737,1,454.8,254.5,19.620000000000005,39.19999999999999,1,1,1.0
3738,1,454.8,254.5,19.620000000000005,39.19999999999999,1,1,1.0
3739,1,454.8,254.5,19.620000000000005,39.19999999999999,1,1,1.0
3740,1,454.8,254.5,19.620000000000005,39.19999999999999,1,1,1.0
3741,1,454.8,254.5,19.620000000000005,39.19999999999999,1,1,1.0
3742,1,454.8,254.5,19.620000000000005,39.19999999999999,1,1,1.0
3743,1,454.8,254.5,19.620000000000005,39.19999999999999,1,1,1.0
3744,1,454.8,254.5,19.620000000000005,39.19999999999999,1,1,1.0
3745,1,454.8,254.5,19.620000000000005,39.19999999999999,1,1,1.0
3746,1,454.8,254.5,19.620000000000005,39.19999999999999,1,1,1.0
3747,1,454.8,254.5,19.620000000000005,39.19999999999999,1,1,1.0
3748,1,454.8,254.5,19.620000000000005,39.19999999999999,1,1,1.0
3749,1,454.8,254.5,19.620000000000005,39.19999999999999,1,1,1.0
3750,1,454.8,254.5,19.620000000000005,39.19999999999999,1,1,1.0
3751,1,454.8,254.5,19.620000000000005,39.19999999999999,1,1,1.0
3752,1,454.8,254.5,19.620000000000005,39.19999999999999,1,1,1.0
3753,1,454.8,254.5,19.620000000000005,39.19999999999999,1,1,1.0
3754,1,454.8,254.5,19.620000000000005,39.19999999999999,1,1,1.0
3755,1,454.8,254.5,19.620000000000005,39.19999999999999,1,1,1.0
3756,1,454.8,254.5,19.620000000000005,39.19999999999999,1,1,1.0
3757,1,454.8,254.5,19.620000000000005,39.19999999999999,1,1,1.0
3758,1,454.8,254.5,19.620000000000005,39.19999999999999,1,1,1.0
3759,1,454.8,254.5,19.620000000000005,39.19999999999999,1,1,1.0
3760,1,454.8,254.5,19.620000000000005,39.19999999999999,1,1,1.0
3761,1,454.8,254.5,19.620000000000005,39.19999999999999,1,1,1.0
3762,1,454.8,254.5,19.620000000000005,39.19999999999999,1,1,1.0
3763,1,454.8,254.5,19.620000000000005,39.19999999999999,1,1,1.0
3764,1,454.8,254.5,19.620000000000005,39.19999999999999,1,1,1.0
3765,1,454.8,254.5,19.620000000000005,39.19999999999999,1,1,1.0
3766,1,454.8,254.5,19.620000000000005,39.19999999999999,1,1,1.0
3767,1,454.8,254.5,19.620000000000005,39.19999999999999,1,1,1.0
3768,1,454.8,254.5,19.620000000000005,39.19999999999999,1,1,1.0
3769,1,454.8,254.5,19.620000000000005,39.19999999999999,1,1,1.0
3770,1,454.8,254.5,19.620000000000005,39.19999999999999,1,1,1.0
3771,1,454.8,254.5,19.620000000000005,39.19999999999999,1,1,1.0
3772,1,454.8,254.5,19.620000000000005,39.19999999999999,1,1,1.0
3773,1,454.8,254.5,19.620000000000005,39.19999999999999,1,1,1.0
3774,1,454.8,254.5,19.620000000000005,39.19999999999999,1,1,1.0
3775,1,454.8,254.5,19.620000000000005,39.19999999999999,1,1,1.0
3776,1,454.8,254.5,19.620000000000005,39.19999999999999,1,1,1.0
3777,1,454.8,254.5,19.620000000000005,39.19999999999999,1,1,1.0
3778,1,454.8,254.5,19.620000000000005,39.19999999999999,1,1,1.0
3779,1,454.8,254.5,19.620000000000005,39.19999999999999,1,1,1.0
3780,1,454.8,254.5,19.620000000000005,39.19999999999999,1,1,1.0
3781,1,454.8,254.5,19.620000000000005,39.19999999999999,1,1,1.0
3782,1,454.8,254.5,19.620000000000005,39.19999999999999,1,1,1.0
3783,1,454.8,254.5,19.620000000000005,39.19999999999999,1,1,1.0
3784,1,454.8,254.5,19.620000000000005,39.19999999999999,1,1,1.0
3785,1,454.8,254.5,19.620000000000005,39.19999999999999,1,1,1.0
3786,1,454.8,254.5,19.620000000000005,39.19999999999999,1,1,1.0
3787,1,454.8,254.5,19.620000000000005,39.19999999999999,1,1,1.0
3788,1,454.8,254.5,19.620000000000005,39.19999999999999,1,1,1.0
3789,1,454.8,254.5,19.620000000000005,39.19999999999999,1,1,1.0
3790,1,454.8,254.5,19.620000000000005,39.19999999999999,1,1,1.0
3791,1,454.8,254.5,19.620000000000005,39.19999999999999,1,1,1.0
3792,1,454.8,254.5,19.620000000000005,39.19999999999999,1,1,1.0
3793,1,454.8,254.5,19.620000000000005,39.19999999999999,1,1,1.0
3794,1,454.8,254.5,19.620000000000005,39.19999999999999,1,1,1.0
3795,1,454.8,254.5,19.620000000000005,39.19999999999999,1,1,1.0
3796,1,454.8,254.5,19.620000000000005,39.19999999999999,1,1,1.0
3797,1,454.8,254.5,19.620000000000005,39.19999999999999,1,1,1.0
3798,1,454.8,254.5,19.620000000000005,39.19999999999999,1,1,1.0
3799,1,454.8,254.5,19.620000000000005,39.19999999999999,1,1,1.0
3800,1,454.8,254.5,19.620000000000005,39.19999999999999,1,1,1.0
3801,1,454.8,254.5,19.620000000000005,39.19999999999999,1,1,1.0
3802,1,454.8,254.5,19.620000000000005,39.19999999999999,1,1,1.0
3803,1,454.8,254.5,19.620000000000005,39.19999999999999,1,1,1.0
3804,1,454.8,254.5,19.620000000000005,39.19999999999999,1,1,1.0
3805,1,454.8,254.5,19.620000000000005,39.19999999999999,1,1,1.0
3806,1,454.8,254.5,19.620000000000005,39.19999999999999,1,1,1.0
3807,1,454.8,254.5,19.620000000000005,39.19999999999999,1,1,1.0
3808,1,454.8,254.5,19.620000000000005,39.19999999999999,1,1,1.0
3809,1,454.8,254.5,19.620000000000005,39.19999999999999,1,1,1.0
3810,1,454.8,254.5,19.620000000000005,39.19999999999999,1,1,1.0
3811,1,454.8,254.5,19.620000000000005,39.19999999999999,1,1,1.0
3812,1,454.8,254.5,19.620000000000005,39.19999999999999,1,1,1.0
3813,1,454.8,254.5,19.620000000000005,39.19999999999999,1,1,1.0
3814,1,454.8,254.5,19.620000000000005,39.19999999999999,1,1,1.0
3815,1,454.8,254.5,19.620000000000005,39.19999999999999,1,1,1.0
3816,1,454.8,254.5,19.620000000000005,39.19999999999999,1,1,1.0
3817,1,454.8,254.5,19.620000000000005,39.19999999999999,1,1,1.0
3818,1,454.8,254.5,19.620000000000005,39.19999999999999,1,1,1.0
3819,1,454.8,254.5,19.620000000000005,39.19999999999999,1,1,1.0
3820,1,454.8,254.5,19.620000000000005,39.19999999999999,1,1,1.0
3821,1,454.8,254.5,19.620000000000005,39.19999999999999,1,1,1.0
3822,1,454.8,254.5,19.620000000000005,39.19999999999999,1,1,1.0
3823,1,454.8,254.5,19.620000000000005,39.19999999999999,1,1,1.0
3824,1,454.8,254.5,19.620000000000005,39.19999999999999,1,1,1.0
3825,1,454.8,254.5,19.620000000000005,39.19999999999999,1,1,1.0
3826,1,454.8,254.5,19.620000000000005,39.19999999999999,1,1,1.0
3827,1,454.8,254.5,19.620000000000005,39.19999999999999,1,1,1.0
3828,1,454.8,254.5,19.620000000000005,39.19999999999999,1,1,1.0
3829,1,454.8,254.5,19.620000000000005,39.19999999999999,1,1,1.0
3830,1,454.8,254.5,19.620000000000005,39.19999999999999,1,1,1.0
3831,1,454.8,254.5,19.620000000000005,39.19999999999999,1,1,1.0
3832,1,454.8,254.5,19.620000000000005,39.19999999999999,1,1,1.0
3833,1,454.8,254.5,19.620000000000005,39.19999999999999,1,1,1.0
3834,1,454.8,254.5,19.620000000000005,39.19999999999999,1,1,1.0
3835,1,454.8,254.5,19.620000000000005,39.19999999999999,1,1,1.0
3836,1,454.8,254.5,19.620000000000005,39.19999999999999,1,1,1.0
3837,1,454.8,254.5,19.620000000000005,39.19999999999999,1,1,1.0
3838,1,454.8,254.5,19.620000000000005,39.19999999999999,1,1,1.0
3839,1,454.8,254.5,19.620000000000005,39.19999999999999,1,1,1.0
3840,1,454.8,254.5,19.620000000000005,39.19999999999999,1,1,1.0
3841,1,454.8,254.5,19.620000000000005,39.19999999999999,1,1,1.0
3842,1,454.8,254.5,19.620000000000005,39.19999999999999,1,1,1.0
3843,1,454.8,254.5,19.620000000000005,39.19999999999999,1,1,1.0
3844,1,454.8,254.5,19.620000000000005,39.19999999999999,1,1,1.0
3845,1,454.8,254.5,19.620000000000005,39.19999999999999,1,1,1.0
3846,1,454.8,254.5,19.620000000000005,39.19999999999999,1,1,1.0
3847,1,454.8,254.5,19.620000000000005,39.19999999999999,1,1,1.0
3848,1,454.8,254.5,19.620000000000005,39.19999999999999,1,1,1.0
3849,1,454.8,254.5,19.620000000000005,39.19999999999999,1,1,1.0
3850,1,454.8,254.5,19.620000000000005,39.19999999999999,1,1,1.0
3851,1,454.8,254.5,19.620000000000005,39.19999999999999,1,1,1.0
3852,1,454.8,254.5,19.620000000000005,39.19999999999999,1,1,1.0
3853,1,454.8,254.5,19.620000000000005,39.19999999999999,1,1,1.0
3854,1,454.8,254.5,19.620000000000005,39.19999999999999,1,1,1.0
3855,1,454.8,254.5,19.620000000000005,39.19999999999999,1,1,1.0
3856,1,454.8,254.5,19.620000000000005,39.19999999999999,1,1,1.0
3857,1,454.8,254.5,19.620000000000005,39.19999999999999,1,1,1.0
3858,1,454.8,254.5,19.620000000000005,39.19999999999999,1,1,1.0
3859,1,454.8,254.5,19.620000000000005,39.19999999999999,1,1,1.0
3860,1,454.8,254.5,19.620000000000005,39.19999999999999,1,1,1.0
3861,1,454.8,254.5,19.620000000000005,39.19999999999999,1,1,1.0
3862,1,454.8,254.5,19.620000000000005,39.19999999999999,1,1,1.0
3863,1,454.8,254.5,19.620000000000005,39.19999999999999,1,1,1.0
3864,1,454.8,254.5,19.620000000000005,39.19999999999999,1,1,1.0
3865,1,454.8,254.5,19.620000000000005,39.19999999999999,1,1,1.0
3866,1,454.8,254.5,19.620000000000005,39.19999999999999,1,1,1.0
3867,1,454.8,254.5,19.620000000000005,39.19999999999999,1,1,1.0
3868,1,454.8,254.5,19.620000000000005,39.19999999999999,1,1,1.0
3869,1,454.8,254.5,19.620000000000005,39.19999999999999,1,1,1.0
3870,1,454.8,254.5,19.620000000000005,39.19999999999999,1,1,1.0
3871,1,454.8,254.5,19.620000000000005,39.19999999999999,1,1,1.0
3872,1,454.8,254.5,19.620000000000005,39.19999999999999,1,1,1.0
3873,1,454.8,254.5,19.620000000000005,39.19999999999999,1,1,1.0
3874,1,454.8,254.5,19.620000000000005,39.19999999999999,1,1,1.0
3875,1,454.8,254.5,19.620000000000005,39.19999999999999,1,1,1.0
3876,1,454.8,254.5,19.620000000000005,39.19999999999999,1,1,1.0
3877,1,454.8,254.5,19.620000000000005,39.19999999999999,1,1,1.0
3878,1,454.8,254.5,19.620000000000005,39.19999999999999,1,1,1.0
3879,1,454.8,254.5,19.620000000000005,39.19999999999999,1,1,1.0
3880,1,454.8,254.5,19.620000000000005,39.19999999999999,1,1,1.0
3881,1,454.8,254.5,19.620000000000005,39.19999999999999,1,1,1.0
3882,1,454.8,254.5,19.620000000000005,39.19999999999999,1,1,1.0
3883,1,454.8,254.5,19.620000000000005,39.19999999999999,1,1,1.0
3884,1,454.8,254.5,19.620000000000005,39.19999999999999,1,1,1.0
3885,1,454.8,254.5,19.620000000000005,39.19999999999999,1,1,1.0
3886,1,454.8,254.5,19.620000000000005,39.19999999999999,1,1,1.0
3887,1,454.8,254.5,19.620000000000005,39.19999999999999,1,1,1.0
3888,1,454.8,254.5,19.620000000000005,39.19999999999999,1,1,1.0
3889,1,454.8,254.5,19.620000000000005,39.19999999999999,1,1,1.0
3890,1,454.8,254.5,19.620000000000005,39.19999999999999,1,1,1.0
3891,1,454.8,254.5,19.620000000000005,39.19999999999999,1,1,1.0
3892,1,454.8,254.5,19.620000000000005,39.19999999999999,1,1,1.0
3893,1,454.8,254.5,19.620000000000005,39.19999999999999,1,1,1.0
3894,1,454.8,254.5,19.620000000000005,39.19999999999999,1,1,1.0
3895,1,454.8,254.5,19.620000000000005,39.19999999999999,1,1,1.0
3896,1,454.8,254.5,19.620000000000005,39.19999999999999,1,1,1.0
3897,1,454.8,254.5,19.620000000000005,39.19999999999999,1,1,1.0
3898,1,454.8,254.5,19.620000000000005,39.19999999999999,1,1,1.0
3899,1,454.8,254.5,19.620000000000005,39.19999999999999,1,1,1.0
3900,1,454.8,254.5,19.620000000000005,39.19999999999999,1,1,1.0
3901,1,454.8,254.5,19.620000000000005,39.19999999999999,1,1,1.0
3902,1,454.8,254.5,19.620000000000005,39.19999999999999,1,1,1.0
3903,1,454.8,254.5,19.620000000000005,39.19999999999999,1,1,1.0
3904,1,454.8,254.5,19.620000000000005,39.19999999999999,1,1,1.0
3905,1,454.8,254.5,19.620000000000005,39.19999999999999,1,1,1.0
3906,1,454.8,254.5,19.620000000000005,39.19999999999999,1,1,1.0
3907,1,454.8,254.5,19.620000000000005,39.19999999999999,1,1,1.0
3908,1,454.8,254.5,19.620000000000005,39.19999999999999,1,1,1.0
3909,1,454.8,254.5,19.620000000000005,39.19999999999999,1,1,1.0
3910,1,454.8,254.5,19.620000000000005,39.19999999999999,1,1,1.0
3911,1,454.8,254.5,19.620000000000005,39.19999999999999,1,1,1.0
3912,1,454.8,254.5,19.620000000000005,39.19999999999999,1,1,1.0
3913,1,454.8,254.5,19.620000000000005,39.19999999999999,1,1,1.0
3914,1,454.8,254.5,19.620000000000005,39.19999999999999,1,1,1.0
3915,1,454.8,254.5,19.620000000000005,39.19999999999999,1,1,1.0
3916,1,454.8,254.5,19.620000000000005,39.19999999999999,1,1,1.0
3917,1,454.8,254.5,19.620000000000005,39.19999999999999,1,1,1.0
3918,1,454.8,254.5,19.620000000000005,39.19999999999999,1,1,1.0
